21
A0
72
43
40
8E
A0
D0
34
00
00
00
02
80
DB
00
00
00
02
80
DB
00
00
00
03
90
6C
00
00
00
00
00
00
00
00
00
08
E0
96
00
00
00
3C
E0
75
00
00
00
00
00
00
00
00
00
00
00
00
00
00
00
00
00
00
00
00
00
00
00
00
00
00
00
00
00
00
00
00
00
00
00
00
00
00
00
00
00
00
00
00
00
00
00
00
00
00
00
01
10
B7
00
00
00
10
70
8B
00
00
00
00
00
00
01
10
B7
00
00
00
10
70
8B
00
00
00
01
10
B7
10
70
8B
00
00
00
01
10
B7
00
00
00
10
70
8B
00
00
00
00
00
00
01
10
B7
00
00
00
10
70
8B
00
00
00
01
10
B7
10
70
8B
00
00
00
01
10
B7
00
00
00
10
70
8B
00
00
00
00
00
00
01
10
B7
00
00
00
10
70
8B
00
00
00
01
10
B7
10
70
8B
00
00
00
64
A0
8A
2E
10
25
C4
70
BE
AF
60
63
21
A0
72
43
40
8E
A0
D0
34
00
00
00
02
80
DB
00
00
00
02
80
DB
00
00
00
03
90
6C
00
00
00
00
00
00
00
00
00
08
E0
96
00
00
00
3C
E0
75
00
00
00
00
00
00
00
00
00
00
00
00
00
00
00
00
00
00
00
00
00
00
00
00
00
00
00
00
00
00
00
00
00
00
00
00
00
00
00
00
00
00
00
00
00
00
00
00
00
00
00
01
10
B7
00
00
00
10
70
8B
00
00
00
00
00
00
01
10
B7
00
00
00
10
70
8B
00
00
00
01
10
B7
10
70
8B
00
00
00
01
10
B7
00
00
00
10
70
8B
00
00
00
00
00
00
01
10
B7
00
00
00
10
70
8B
00
00
00
01
10
B7
10
70
8B
00
00
00
01
10
B7
00
00
00
10
70
8B
00
00
00
00
00
00
01
10
B7
00
00
00
10
70
8B
00
00
00
01
10
B7
10
70
8B
00
00
00
64
A0
8A
2E
10
25
C4
70
BE
AF
60
63
